395.0715913696289 -395.0715913696289 130
233.45140863037108 -233.45140863037108 130
359.156 -359.156 130
395.0715913696289 -395.0715913696289 130
395.0715913696289 -395.0715913696289 130
395.0715913696289 -395.0715913696289 130
395.0715913696289 -395.0715913696289 130
395.0715913696289 -395.0715913696289 130
395.0715913696289 -395.0715913696289 130
395.0715913696289 -395.0715913696289 130
0.0 -304.79998779296875 130
0.0 -330.20001220703125 130
0.0 -304.79998779296875 130
0.0 -304.79998779296875 130
0.0 -330.20001220703125 130
0.0 -330.20001220703125 130
0.0 -330.20001220703125 130
0.0 -228.60000610351562 130
0.0 -304.79998779296875 130
0.0 -330.20001220703125 130
-413.02940863037105 -413.02940863037105 130
-430.9871827392578 -430.9871827392578 130
-430.9871827392578 -430.9871827392578 130
-430.9871827392578 -430.9871827392578 130
-395.0715913696289 -395.0715913696289 130
-430.9871827392578 -430.9871827392578 130
-430.9871827392578 -430.9871827392578 130
-466.90281726074215 -466.90281726074215 130
-430.9871827392578 -430.9871827392578 130
-466.90281726074215 -466.90281726074215 130
-330.20001220703125 0.0 130
-457.20001220703125 0.0 130
-482.6000061035156 0.0 130
-482.6000061035156 0.0 130
-457.20001220703125 0.0 130
-482.6000061035156 0.0 130
-431.79998779296875 0.0 130
-457.20001220703125 0.0 130
-304.79998779296875 0.0 130
-482.6000061035156 0.0 130
-395.0715913696289 395.0715913696289 130
-413.02940863037105 413.02940863037105 130
-377.11381726074217 377.11381726074217 130
-377.11381726074217 377.11381726074217 130
-215.4935913696289 215.4935913696289 130
-377.11381726074217 377.11381726074217 130
-377.11381726074217 377.11381726074217 130
-377.11381726074217 377.11381726074217 130
-341.19820431518554 341.19820431518554 130
-251.40920431518552 251.40920431518552 130
0.0 355.6000061035156 130
0.0 355.6000061035156 130
0.0 355.6000061035156 130
0.0 381.0 130
0.0 330.20001220703125 130
0.0 381.0 130
0.0 355.6000061035156 130
0.0 228.60000610351562 130
0.0 355.6000061035156 130
0.0 355.6000061035156 130
323.24040863037106 323.24040863037106 130
341.19820431518554 341.19820431518554 130
341.19820431518554 341.19820431518554 130
359.156 359.156 130
359.156 359.156 130
359.156 359.156 130
341.19820431518554 341.19820431518554 130
359.156 359.156 130
377.11381726074217 377.11381726074217 130
215.4935913696289 215.4935913696289 130
635.0 0.0 130
635.0 0.0 130
635.0 0.0 130
584.2000122070312 0.0 130
635.0 0.0 130
635.0 0.0 130
609.5999755859375 0.0 130
381.0 0.0 130
635.0 0.0 130
635.0 0.0 130
197.53579568481445 -197.53579568481445 130
323.24040863037106 -323.24040863037106 130
341.19820431518554 -341.19820431518554 130
341.19820431518554 -341.19820431518554 130
305.2825913696289 -305.2825913696289 130
341.19820431518554 -341.19820431518554 130
305.2825913696289 -305.2825913696289 130
341.19820431518554 -341.19820431518554 130
197.53579568481445 -197.53579568481445 130
341.19820431518554 -341.19820431518554 130
0.0 -304.79998779296875 130
0.0 -203.1999969482422 130
0.0 -203.1999969482422 130
0.0 -304.79998779296875 130
0.0 -304.79998779296875 130
0.0 -279.3999938964844 130
0.0 -304.79998779296875 130
0.0 -203.1999969482422 130
0.0 -203.1999969482422 130
0.0 -304.79998779296875 130
