125.70459136962893 -125.70459136962893 0
-53.873387054443356 53.873387054443356 0
-161.6201827392578 161.6201827392578 0
125.70459136962893 -125.70459136962893 0
-125.70459136962893 125.70459136962893 0
125.70459136962893 -125.70459136962893 0
125.70459136962893 -125.70459136962893 0
107.74679568481446 -107.74679568481446 0
-125.70459136962893 125.70459136962893 0
-125.70459136962893 125.70459136962893 0
0.0 0.0 0
0.0 -25.4000244140625 0
0.0 0.0 0
0.0 0.0 0
0.0 -25.4000244140625 0
0.0 -25.4000244140625 0
0.0 -25.4000244140625 0
0.0 76.19998168945312 0
0.0 0.0 0
0.0 -25.4000244140625 0
35.91559136962894 35.91559136962894 0
17.957817260742218 17.957817260742218 0
17.957817260742218 17.957817260742218 0
17.957817260742218 17.957817260742218 0
53.8734086303711 53.8734086303711 0
17.957817260742218 17.957817260742218 0
17.957817260742218 17.957817260742218 0
-17.95781726074216 -17.95781726074216 0
17.957817260742218 17.957817260742218 0
-17.95781726074216 -17.95781726074216 0
279.39996337890625 0.0 0
152.39996337890625 0.0 0
126.99996948242188 0.0 0
126.99996948242188 0.0 0
152.39996337890625 0.0 0
126.99996948242188 0.0 0
177.79998779296875 0.0 0
152.39996337890625 0.0 0
304.79998779296875 0.0 0
126.99996948242188 0.0 0
-125.70459136962893 125.70459136962893 0
107.74677410888677 -107.74677410888677 0
143.66236547851565 -143.66236547851565 0
-107.7468172607422 107.7468172607422 0
53.873408630371074 -53.873408630371074 0
-107.7468172607422 107.7468172607422 0
-107.7468172607422 107.7468172607422 0
-107.7468172607422 107.7468172607422 0
-71.83120431518557 71.83120431518557 0
17.957795684814442 -17.957795684814442 0
0.0 0.0 0
0.0 0.0 0
0.0 0.0 0
0.0 25.399993896484375 0
0.0 -25.399993896484375 0
0.0 25.399993896484375 0
0.0 0.0 0
0.0 -127.0 0
0.0 0.0 0
0.0 0.0 0
-664.438591369629 -664.438591369629 0
-664.4386129455565 -664.4386129455565 0
-646.4807956848144 -646.4807956848144 0
161.62020431518556 161.62020431518556 0
-646.480817260742 -646.480817260742 0
-413.02936547851556 -413.02936547851556 0
-269.3669784240723 -269.3669784240723 0
-341.1981827392578 -341.1981827392578 0
-359.15599999999995 -359.15599999999995 0
-556.6917741088866 -556.6917741088866 0
25.4000244140625 0.0 0
25.4000244140625 0.0 0
25.4000244140625 0.0 0
-25.39996337890625 0.0 0
25.4000244140625 0.0 0
25.4000244140625 0.0 0
0.0 0.0 0
-228.5999755859375 0.0 0
25.4000244140625 0.0 0
25.4000244140625 0.0 0
-305.2826129455566 305.2826129455566 0
53.8734086303711 -53.8734086303711 0
-161.6202043151855 161.6202043151855 0
-161.6202043151855 161.6202043151855 0
-197.53581726074214 197.53581726074214 0
-161.6202043151855 161.6202043151855 0
-197.53581726074214 197.53581726074214 0
-161.6202043151855 161.6202043151855 0
-305.2826129455566 305.2826129455566 0
-161.6202043151855 161.6202043151855 0
0.0 -25.399993896484375 0
0.0 76.19999694824219 0
0.0 76.19999694824219 0
0.0 -25.399993896484375 0
0.0 -25.399993896484375 0
0.0 0.0 0
0.0 -25.399993896484375 0
0.0 76.19999694824219 0
0.0 76.19999694824219 0
0.0 -25.399993896484375 0
