269.36699999999996 -269.36699999999996 130
287.32479568481443 -287.32479568481443 130
520.7761827392578 -520.7761827392578 130
269.36699999999996 -269.36699999999996 130
520.7761827392578 -520.7761827392578 130
269.36699999999996 -269.36699999999996 130
269.36699999999996 -269.36699999999996 130
287.32479568481443 -287.32479568481443 130
520.7761827392578 -520.7761827392578 130
520.7761827392578 -520.7761827392578 130
0.0 -304.79998779296875 130
0.0 -304.79998779296875 130
0.0 -304.79998779296875 130
0.0 -304.79998779296875 130
0.0 -304.79998779296875 130
0.0 -304.79998779296875 130
0.0 -304.79998779296875 130
0.0 -304.79998779296875 130
0.0 -304.79998779296875 130
0.0 -304.79998779296875 130
-448.945 -448.945 130
-448.945 -448.945 130
-448.945 -448.945 130
-448.945 -448.945 130
-448.945 -448.945 130
-448.945 -448.945 130
-448.945 -448.945 130
-448.945 -448.945 130
-448.945 -448.945 130
-448.945 -448.945 130
-609.5999755859375 0.0 130
-609.5999755859375 0.0 130
-609.5999755859375 0.0 130
-609.5999755859375 0.0 130
-609.5999755859375 0.0 130
-609.5999755859375 0.0 130
-609.5999755859375 0.0 130
-609.5999755859375 0.0 130
-609.5999755859375 0.0 130
-609.5999755859375 0.0 130
-269.36699999999996 269.36699999999996 130
-520.7761827392578 520.7761827392578 130
-520.7761827392578 520.7761827392578 130
-269.36699999999996 269.36699999999996 130
-269.36699999999996 269.36699999999996 130
-269.36699999999996 269.36699999999996 130
-269.36699999999996 269.36699999999996 130
-269.36699999999996 269.36699999999996 130
-269.36699999999996 269.36699999999996 130
-269.36699999999996 269.36699999999996 130
0.0 355.6000061035156 130
0.0 355.6000061035156 130
0.0 355.6000061035156 130
0.0 355.6000061035156 130
0.0 355.6000061035156 130
0.0 355.6000061035156 130
0.0 355.6000061035156 130
0.0 355.6000061035156 130
0.0 355.6000061035156 130
0.0 355.6000061035156 130
987.679 987.679 130
1005.6368172607421 1005.6368172607421 130
987.679 987.679 130
197.53579568481445 197.53579568481445 130
1005.6368172607421 1005.6368172607421 130
772.1853654785156 772.1853654785156 130
610.5651827392578 610.5651827392578 130
700.3541827392578 700.3541827392578 130
736.2698172607421 736.2698172607421 130
772.1853654785156 772.1853654785156 130
609.5999755859375 0.0 130
609.5999755859375 0.0 130
609.5999755859375 0.0 130
609.5999755859375 0.0 130
609.5999755859375 0.0 130
609.5999755859375 0.0 130
609.5999755859375 0.0 130
609.5999755859375 0.0 130
609.5999755859375 0.0 130
609.5999755859375 0.0 130
502.81840863037104 -502.81840863037104 130
269.36699999999996 -269.36699999999996 130
502.81840863037104 -502.81840863037104 130
502.81840863037104 -502.81840863037104 130
502.81840863037104 -502.81840863037104 130
502.81840863037104 -502.81840863037104 130
502.81840863037104 -502.81840863037104 130
502.81840863037104 -502.81840863037104 130
502.81840863037104 -502.81840863037104 130
502.81840863037104 -502.81840863037104 130
0.0 -279.3999938964844 130
0.0 -279.3999938964844 130
0.0 -279.3999938964844 130
0.0 -279.3999938964844 130
0.0 -279.3999938964844 130
0.0 -279.3999938964844 130
0.0 -279.3999938964844 130
0.0 -279.3999938964844 130
0.0 -279.3999938964844 130
0.0 -279.3999938964844 130
