354.8 0.0 130
481.0 0.0 130
531.0 0.0 130
454.0 0.0 130
631.0 0.0 130
681.0 0.0 130
731.0 0.0 130
781.0 0.0 130
831.0 0.0 130
881.0 0.0 130
931.0 0.0 130
981.0 0.0 130
1031.0 0.0 130
954.0 0.0 130
1131.0 0.0 130
1181.0 0.0 130
1205.6 0.0 130
469.0 1800.0 130
419.0 1800.0 130
369.0 1800.0 130
319.0 1800.0 130
243.6 1800.0 130
219.0 1800.0 130
169.0 1800.0 130
144.4 1800.0 130
196.0 1800.0 130
19.0 1800.0 130
-31.0 1800.0 130
-81.0 1800.0 130
-4.0 1800.0 130
-181.0 1800.0 130
-104.0 1800.0 130
-281.0 1800.0 130
-331.0 1800.0 130
-381.0 1800.0 130
0.0 1369.0 130
0.0 1319.0 130
0.0 1269.0 130
0.0 1346.0 130
0.0 1169.0 130
0.0 1119.0 130
0.0 1069.0 130
0.0 1146.0 130
0.0 969.0 130
0.0 919.0 130
0.0 869.0 130
0.0 819.0 130
0.0 769.0 130
0.0 744.4 130
0.0 796.0 130
0.0 619.0 130
0.0 569.0 130
0.0 519.0 130
0.0 469.0 130
0.0 419.0 130
0.0 369.0 130
0.0 319.0 130
0.0 269.0 130
0.0 219.0 130
0.0 169.0 130
0.0 119.0 130
0.0 69.0 130
0.0 19.0 130
0.0 -31.0 130
0.0 -81.0 130
0.0 -131.0 130
0.0 -206.4 130
0.0 -231.0 130
0.0 -281.0 130
0.0 -331.0 130
0.0 -381.0 130
0.0 12343.6 130
0.0 12319.0 130
0.0 12269.0 130
0.0 12219.0 130
0.0 12169.0 130
0.0 12119.0 130
0.0 12069.0 130
0.0 12019.0 130
0.0 11969.0 130
0.0 12046.0 130
0.0 11869.0 130
0.0 11946.0 130
0.0 11896.0 130
0.0 11719.0 130
0.0 11669.0 130
0.0 11619.0 130
0.0 11569.0 130
1800.0 12331.0 130
1800.0 12381.0 130
1800.0 12431.0 130
1800.0 12481.0 130
1800.0 12505.6 130
1800.0 12454.0 130
1800.0 12631.0 130
1800.0 12681.0 130
1800.0 12756.4 130
1800.0 12654.0 130
1800.0 12831.0 130
1800.0 12881.0 130
1800.0 12931.0 130
1800.0 12981.0 130
1800.0 13031.0 130
1800.0 12954.0 130
1800.0 13131.0 130
1800.0 381.0 130
1369.0 0.0 130
1319.0 0.0 130
1269.0 0.0 130
1346.0 0.0 130
1143.6 0.0 130
